8.000E-01 0.500E+00 0.400E+00 8.076E+04 1.000E+00 1.000E-06 1.000E-01 225
    1       0.0000000000000000       0.0000000000000000
    2       0.2500000000000000       0.0000000000000000
    3       0.5000000000000000       0.0000000000000000
    4       0.7500000000000000       0.0000000000000000
    5       1.0000000000000000       0.0000000000000000
    6       0.0000000000000000       0.2045454606413841
    7       0.2500000000000000       0.2045454606413841
    8       0.5000000000000000       0.2045454606413841
    9       0.7500000000000000       0.2045454606413841
   10       1.0000000000000000       0.2045454606413841
   11       0.0000000000000000       0.4090909212827682
   12       0.2500000000000000       0.4090909212827682
   13       0.5000000000000000       0.4090909212827682
   14       0.7500000000000000       0.4090909212827682
   15       1.0000000000000000       0.4090909212827682
   16       0.0000000000000000       0.6136363819241524
   17       0.2500000000000000       0.6136363819241524
   18       0.5000000000000000       0.6136363819241524
   19       0.7500000000000000       0.6136363819241524
   20       1.0000000000000000       0.6136363819241524
   21       0.0000000000000000       0.8181818425655365
   22       0.2500000000000000       0.8181818425655365
   23       0.5000000000000000       0.8181818425655365
   24       0.7500000000000000       0.8181818425655365
   25       1.0000000000000000       0.8181818425655365
   26       0.0000000000000000       1.0227273032069206
   27       0.2500000000000000       1.0227273032069206
   28       0.5000000000000000       1.0227273032069206
   29       0.7500000000000000       1.0227273032069206
   30       1.0000000000000000       1.0227273032069206
   31       0.0000000000000000       1.2272727638483047
   32       0.2500000000000000       1.2272727638483047
   33       0.5000000000000000       1.2272727638483047
   34       0.7500000000000000       1.2272727638483047
   35       1.0000000000000000       1.2272727638483047
   36       0.0000000000000000       1.4318181574344635
   37       0.2500000000000000       1.4318181574344635
   38       0.5000000000000000       1.4318181574344635
   39       0.7500000000000000       1.4318181574344635
   40       1.0000000000000000       1.4318181574344635
   41       0.0000000000000000       1.6363636851310730
   42       0.2500000000000000       1.6363636851310730
   43       0.5000000000000000       1.6363636851310730
   44       0.7500000000000000       1.6363636851310730
   45       1.0000000000000000       1.6363636851310730
   46       0.0000000000000000       1.8409090787172318
   47       0.2500000000000000       1.8409090787172318
   48       0.5000000000000000       1.8409090787172318
   49       0.7500000000000000       1.8409090787172318
   50       1.0000000000000000       1.8409090787172318
   51       0.0000000000000000       2.0454546064138412
   52       0.2500000000000000       2.0454546064138412
   53       0.5000000000000000       2.0454546064138412
   54       0.7500000000000000       2.0454546064138412
   55       1.0000000000000000       2.0454546064138412
   56       0.0000000000000000       2.2500000000000000
   57       0.2500000000000000       2.2500000000000000
   58       0.5000000000000000       2.2500000000000000
   59       0.7500000000000000       2.2500000000000000
   60       1.0000000000000000       2.2500000000000000
   61       0.0000000000000000       2.4545455276966095
   62       0.2500000000000000       2.4545455276966095
   63       0.5000000000000000       2.4545455276966095
   64       0.7500000000000000       2.4545455276966095
   65       1.0000000000000000       2.4545455276966095
   66       0.0000000000000000       2.6590907871723175
   67       0.2500000000000000       2.6590907871723175
   68       0.5000000000000000       2.6590907871723175
   69       0.7500000000000000       2.6590907871723175
   70       1.0000000000000000       2.6590907871723175
   71       0.0000000000000000       2.8636363148689270
   72       0.2500000000000000       2.8636363148689270
   73       0.5000000000000000       2.8636363148689270
   74       0.7500000000000000       2.8636363148689270
   75       1.0000000000000000       2.8636363148689270
   76       0.0000000000000000       3.0681818425655365
   77       0.2500000000000000       3.0681818425655365
   78       0.5000000000000000       3.0681818425655365
   79       0.7500000000000000       3.0681818425655365
   80       1.0000000000000000       3.0681818425655365
   81       0.0000000000000000       3.2727273702621460
   82       0.2500000000000000       3.2727273702621460
   83       0.5000000000000000       3.2727273702621460
   84       0.7500000000000000       3.2727273702621460
   85       1.0000000000000000       3.2727273702621460
   86       0.0000000000000000       3.4772726297378540
   87       0.2500000000000000       3.4772726297378540
   88       0.5000000000000000       3.4772726297378540
   89       0.7500000000000000       3.4772726297378540
   90       1.0000000000000000       3.4772726297378540
   91       0.0000000000000000       3.6818181574344635
   92       0.2500000000000000       3.6818181574344635
   93       0.5000000000000000       3.6818181574344635
   94       0.7500000000000000       3.6818181574344635
   95       1.0000000000000000       3.6818181574344635
   96       0.0000000000000000       3.8863636851310730
   97       0.2500000000000000       3.8863636851310730
   98       0.5000000000000000       3.8863636851310730
   99       0.7500000000000000       3.8863636851310730
  100       1.0000000000000000       3.8863636851310730
  101       0.0000000000000000       4.0909092128276825
  102       0.2500000000000000       4.0909092128276825
  103       0.5000000000000000       4.0909092128276825
  104       0.7500000000000000       4.0909092128276825
  105       1.0000000000000000       4.0909092128276825
  106       0.0000000000000000       4.2954544723033905
  107       0.2500000000000000       4.2954544723033905
  108       0.5000000000000000       4.2954544723033905
  109       0.7500000000000000       4.2954544723033905
  110       1.0000000000000000       4.2954544723033905
  111       0.0000000000000000       4.5000000000000000
  112       0.2500000000000000       4.5000000000000000
  113       0.5000000000000000       4.5000000000000000
  114       0.7500000000000000       4.5000000000000000
  115       1.0000000000000000       4.5000000000000000
  116       0.0000000000000000       4.7045452594757080
  117       0.2500000000000000       4.7045452594757080
  118       0.5000000000000000       4.7045452594757080
  119       0.7500000000000000       4.7045452594757080
  120       1.0000000000000000       4.7045452594757080
  121       0.0000000000000000       4.9090910553932190
  122       0.2500000000000000       4.9090910553932190
  123       0.5000000000000000       4.9090910553932190
  124       0.7500000000000000       4.9090910553932190
  125       1.0000000000000000       4.9090910553932190
  126       0.0000000000000000       5.1136363148689270
  127       0.2500000000000000       5.1136363148689270
  128       0.5000000000000000       5.1136363148689270
  129       0.7500000000000000       5.1136363148689270
  130       1.0000000000000000       5.1136363148689270
  131       0.0000000000000000       5.3181815743446350
  132       0.2500000000000000       5.3181815743446350
  133       0.5000000000000000       5.3181815743446350
  134       0.7500000000000000       5.3181815743446350
  135       1.0000000000000000       5.3181815743446350
  136       0.0000000000000000       5.5227273702621460
  137       0.2500000000000000       5.5227273702621460
  138       0.5000000000000000       5.5227273702621460
  139       0.7500000000000000       5.5227273702621460
  140       1.0000000000000000       5.5227273702621460
  141       0.0000000000000000       5.7272726297378540
  142       0.2500000000000000       5.7272726297378540
  143       0.5000000000000000       5.7272726297378540
  144       0.7500000000000000       5.7272726297378540
  145       1.0000000000000000       5.7272726297378540
  146       0.0000000000000000       5.9318184256553650
  147       0.2500000000000000       5.9318184256553650
  148       0.5000000000000000       5.9318184256553650
  149       0.7500000000000000       5.9318184256553650
  150       1.0000000000000000       5.9318184256553650
  151       0.0000000000000000       6.1363636851310730
  152       0.2500000000000000       6.1363636851310730
  153       0.5000000000000000       6.1363636851310730
  154       0.7500000000000000       6.1363636851310730
  155       1.0000000000000000       6.1363636851310730
  156       0.0000000000000000       6.3409089446067810
  157       0.2500000000000000       6.3409089446067810
  158       0.5000000000000000       6.3409089446067810
  159       0.7500000000000000       6.3409089446067810
  160       1.0000000000000000       6.3409089446067810
  161       0.0000000000000000       6.5454547405242920
  162       0.2500000000000000       6.5454547405242920
  163       0.5000000000000000       6.5454547405242920
  164       0.7500000000000000       6.5454547405242920
  165       1.0000000000000000       6.5454547405242920
  166       0.0000000000000000       6.7500000000000000
  167       0.2500000000000000       6.7500000000000000
  168       0.5000000000000000       6.7500000000000000
  169       0.7500000000000000       6.7500000000000000
  170       1.0000000000000000       6.7500000000000000
  171       0.0000000000000000       6.9545452594757080
  172       0.2500000000000000       6.9545452594757080
  173       0.5000000000000000       6.9545452594757080
  174       0.7500000000000000       6.9545452594757080
  175       1.0000000000000000       6.9545452594757080
  176       0.0000000000000000       7.1590910553932190
  177       0.2500000000000000       7.1590910553932190
  178       0.5000000000000000       7.1590910553932190
  179       0.7500000000000000       7.1590910553932190
  180       1.0000000000000000       7.1590910553932190
  181       0.0000000000000000       7.3636363148689270
  182       0.2500000000000000       7.3636363148689270
  183       0.5000000000000000       7.3636363148689270
  184       0.7500000000000000       7.3636363148689270
  185       1.0000000000000000       7.3636363148689270
  186       0.0000000000000000       7.5681815743446350
  187       0.2500000000000000       7.5681815743446350
  188       0.5000000000000000       7.5681815743446350
  189       0.7500000000000000       7.5681815743446350
  190       1.0000000000000000       7.5681815743446350
  191       0.0000000000000000       7.7727273702621460
  192       0.2500000000000000       7.7727273702621460
  193       0.5000000000000000       7.7727273702621460
  194       0.7500000000000000       7.7727273702621460
  195       1.0000000000000000       7.7727273702621460
  196       0.0000000000000000       7.9772726297378540
  197       0.2500000000000000       7.9772726297378540
  198       0.5000000000000000       7.9772726297378540
  199       0.7500000000000000       7.9772726297378540
  200       1.0000000000000000       7.9772726297378540
  201       0.0000000000000000       8.1818184256553650
  202       0.2500000000000000       8.1818184256553650
  203       0.5000000000000000       8.1818184256553650
  204       0.7500000000000000       8.1818184256553650
  205       1.0000000000000000       8.1818184256553650
  206       0.0000000000000000       8.3863636851310730
  207       0.2500000000000000       8.3863636851310730
  208       0.5000000000000000       8.3863636851310730
  209       0.7500000000000000       8.3863636851310730
  210       1.0000000000000000       8.3863636851310730
  211       0.0000000000000000       8.5909089446067810
  212       0.2500000000000000       8.5909089446067810
  213       0.5000000000000000       8.5909089446067810
  214       0.7500000000000000       8.5909089446067810
  215       1.0000000000000000       8.5909089446067810
  216       0.0000000000000000       8.7954547405242920
  217       0.2500000000000000       8.7954547405242920
  218       0.5000000000000000       8.7954547405242920
  219       0.7500000000000000       8.7954547405242920
  220       1.0000000000000000       8.7954547405242920
  221       0.0000000000000000       9.0000000000000000
  222       0.2500000000000000       9.0000000000000000
  223       0.5000000000000000       9.0000000000000000
  224       0.7500000000000000       9.0000000000000000
  225       1.0000000000000000       9.0000000000000000
