     4.501298     0.000099
    16.517085     0.000395
    36.832278     0.000888
    65.001068     0.001577
   101.102646     0.002462
   145.187492     0.003543
   191.650138     0.004817
   198.633612     0.006283
   206.676030     0.007941
   213.572528     0.009789
   222.117027     0.011824
   230.049792     0.014045
   240.026639     0.016449
   245.377424     0.019035
   252.141992     0.021799
   257.550556     0.024739
   263.073824     0.027852
   267.332748     0.031134
   269.708015     0.034584
   272.226285     0.038197
   273.802458     0.041969
   273.173394     0.045897
   271.157124     0.049978
   268.163485     0.054206
   263.785265     0.058579
   258.143917     0.063091
   251.905575     0.067738
   246.639507     0.072515
   240.931408     0.077419
   236.286343     0.082443
   231.173119     0.087583
   226.294198     0.092835
   221.981083     0.098192
   217.099786     0.103649
   213.388813     0.109202
   208.866983     0.114844
   204.983244     0.120570
   200.825615     0.126375
   196.649520     0.132252
   193.427438     0.138197
   190.430236     0.144202
   186.767579     0.150262
   184.296286     0.156371
   181.463351     0.162524
   178.428651     0.168713
   175.877173     0.174933
   174.538578     0.181178
   172.591848     0.187442
   171.234020     0.193718
   170.503295     0.200000
