     4.377514     0.000099
    16.102575     0.000395
    35.566671     0.000888
    62.815776     0.001577
    97.589352     0.002462
   139.431636     0.003543
   188.831199     0.004817
   197.173604     0.006283
   205.476387     0.007941
   213.564830     0.009789
   222.566733     0.011824
   229.712535     0.014045
   237.948561     0.016449
   244.850851     0.019035
   252.134952     0.021799
   258.168849     0.024739
   263.589500     0.027852
   268.120699     0.031134
   271.947963     0.034584
   274.694008     0.038197
   277.153199     0.041969
   277.672838     0.045897
   277.379497     0.049978
   274.660759     0.054206
   267.999342     0.058579
   258.528418     0.063091
   246.671854     0.067738
   236.351117     0.072515
   227.347783     0.077419
   218.809474     0.082443
   211.395524     0.087583
   205.611723     0.092835
   200.458559     0.098192
   196.175809     0.103649
   192.754894     0.109202
   190.558383     0.114844
   188.709859     0.120570
   187.141407     0.126375
   186.080191     0.132252
   185.217443     0.138197
   184.344164     0.144202
   183.495658     0.150262
   183.109278     0.156371
   182.424880     0.162524
   181.883663     0.168713
   181.312865     0.174933
   180.581236     0.181178
   179.583675     0.187442
   178.662451     0.193718
   177.310191     0.200000
