     4.295639     0.000099
    16.056108     0.000395
    35.329451     0.000888
    62.316737     0.001577
    96.694475     0.002462
   138.117979     0.003543
   186.985221     0.004817
   196.736948     0.006283
   204.784900     0.007941
   212.861211     0.009789
   220.914386     0.011824
   228.758387     0.014045
   235.615208     0.016449
   243.643395     0.019035
   249.668996     0.021799
   257.176425     0.024739
   261.902883     0.027852
   266.911638     0.031134
   271.044392     0.034584
   274.248722     0.038197
   276.948084     0.041969
   278.100732     0.045897
   279.032057     0.049978
   277.878228     0.054206
   274.412087     0.058579
   263.677824     0.063091
   235.839151     0.067738
   209.483130     0.072515
   206.046024     0.077419
   188.257426     0.082443
   198.440212     0.087583
   197.651457     0.092835
   205.216888     0.098192
   194.544580     0.103649
   193.370092     0.109202
   188.364687     0.114844
   195.092341     0.120570
   196.828939     0.126375
   198.451274     0.132252
   191.770524     0.138197
   189.263619     0.144202
   185.569062     0.150262
   187.783762     0.156371
   186.833589     0.162524
   185.757374     0.168713
   180.323718     0.174933
   176.288920     0.181178
   173.277987     0.187442
   173.469644     0.193718
   173.454599     0.200000
