   -55.927420     0.000000
   -86.509911     0.000000
  -136.751601     0.000000
  -131.287156     0.000000
  -143.908675     0.000000
  -143.944117     0.000000
  -131.263960     0.000000
  -136.737037     0.000000
   -86.621609     0.000000
   -55.883743     0.000000
    49.516507     0.103448
    62.365798     0.103448
    84.663046     0.103448
    60.838818     0.103448
    65.295213     0.103448
    65.273425     0.103448
    60.976671     0.103448
    84.531332     0.103448
    62.826585     0.103448
    49.129817     0.103448
