8.000E-01 0.500E+00 0.400E+00 8.076E+04 1.000E+00 1.000E-06 1.000E-02 300 
    1       0.0000000000000000       0.0000000000000000
    2       0.1111111119389534       0.0000000000000000
    3       0.2222222238779068       0.0000000000000000
    4       0.3333333432674408       0.0000000000000000
    5       0.4444444477558136       0.0000000000000000
    6       0.5555555820465088       0.0000000000000000
    7       0.6666666865348816       0.0000000000000000
    8       0.7777777910232544       0.0000000000000000
    9       0.8888888955116272       0.0000000000000000
   10       1.0000000000000000       0.0000000000000000
   11       0.0000000000000000       0.1034482754766941
   12       0.1111111119389534       0.1034482754766941
   13       0.2222222238779068       0.1034482754766941
   14       0.3333333432674408       0.1034482754766941
   15       0.4444444477558136       0.1034482754766941
   16       0.5555555820465088       0.1034482754766941
   17       0.6666666865348816       0.1034482754766941
   18       0.7777777910232544       0.1034482754766941
   19       0.8888888955116272       0.1034482754766941
   20       1.0000000000000000       0.1034482754766941
   21       0.0000000000000000       0.2068965509533882
   22       0.1111111119389534       0.2068965509533882
   23       0.2222222238779068       0.2068965509533882
   24       0.3333333432674408       0.2068965509533882
   25       0.4444444477558136       0.2068965509533882
   26       0.5555555820465088       0.2068965509533882
   27       0.6666666865348816       0.2068965509533882
   28       0.7777777910232544       0.2068965509533882
   29       0.8888888955116272       0.2068965509533882
   30       1.0000000000000000       0.2068965509533882
   31       0.0000000000000000       0.3103448376059532
   32       0.1111111119389534       0.3103448376059532
   33       0.2222222238779068       0.3103448376059532
   34       0.3333333432674408       0.3103448376059532
   35       0.4444444477558136       0.3103448376059532
   36       0.5555555820465088       0.3103448376059532
   37       0.6666666865348816       0.3103448376059532
   38       0.7777777910232544       0.3103448376059532
   39       0.8888888955116272       0.3103448376059532
   40       1.0000000000000000       0.3103448376059532
   41       0.0000000000000000       0.4137931019067764
   42       0.1111111119389534       0.4137931019067764
   43       0.2222222238779068       0.4137931019067764
   44       0.3333333432674408       0.4137931019067764
   45       0.4444444477558136       0.4137931019067764
   46       0.5555555820465088       0.4137931019067764
   47       0.6666666865348816       0.4137931019067764
   48       0.7777777910232544       0.4137931019067764
   49       0.8888888955116272       0.4137931019067764
   50       1.0000000000000000       0.4137931019067764
   51       0.0000000000000000       0.5172413885593414
   52       0.1111111119389534       0.5172413885593414
   53       0.2222222238779068       0.5172413885593414
   54       0.3333333432674408       0.5172413885593414
   55       0.4444444477558136       0.5172413885593414
   56       0.5555555820465088       0.5172413885593414
   57       0.6666666865348816       0.5172413885593414
   58       0.7777777910232544       0.5172413885593414
   59       0.8888888955116272       0.5172413885593414
   60       1.0000000000000000       0.5172413885593414
   61       0.0000000000000000       0.6206896752119064
   62       0.1111111119389534       0.6206896752119064
   63       0.2222222238779068       0.6206896752119064
   64       0.3333333432674408       0.6206896752119064
   65       0.4444444477558136       0.6206896752119064
   66       0.5555555820465088       0.6206896752119064
   67       0.6666666865348816       0.6206896752119064
   68       0.7777777910232544       0.6206896752119064
   69       0.8888888955116272       0.6206896752119064
   70       1.0000000000000000       0.6206896752119064
   71       0.0000000000000000       0.7241379171609879
   72       0.1111111119389534       0.7241379171609879
   73       0.2222222238779068       0.7241379171609879
   74       0.3333333432674408       0.7241379171609879
   75       0.4444444477558136       0.7241379171609879
   76       0.5555555820465088       0.7241379171609879
   77       0.6666666865348816       0.7241379171609879
   78       0.7777777910232544       0.7241379171609879
   79       0.8888888955116272       0.7241379171609879
   80       1.0000000000000000       0.7241379171609879
   81       0.0000000000000000       0.8275862038135529
   82       0.1111111119389534       0.8275862038135529
   83       0.2222222238779068       0.8275862038135529
   84       0.3333333432674408       0.8275862038135529
   85       0.4444444477558136       0.8275862038135529
   86       0.5555555820465088       0.8275862038135529
   87       0.6666666865348816       0.8275862038135529
   88       0.7777777910232544       0.8275862038135529
   89       0.8888888955116272       0.8275862038135529
   90       1.0000000000000000       0.8275862038135529
   91       0.0000000000000000       0.9310344457626343
   92       0.1111111119389534       0.9310344457626343
   93       0.2222222238779068       0.9310344457626343
   94       0.3333333432674408       0.9310344457626343
   95       0.4444444477558136       0.9310344457626343
   96       0.5555555820465088       0.9310344457626343
   97       0.6666666865348816       0.9310344457626343
   98       0.7777777910232544       0.9310344457626343
   99       0.8888888955116272       0.9310344457626343
  100       1.0000000000000000       0.9310344457626343
  101       0.0000000000000000       1.0344827771186829
  102       0.1111111119389534       1.0344827771186829
  103       0.2222222238779068       1.0344827771186829
  104       0.3333333432674408       1.0344827771186829
  105       0.4444444477558136       1.0344827771186829
  106       0.5555555820465088       1.0344827771186829
  107       0.6666666865348816       1.0344827771186829
  108       0.7777777910232544       1.0344827771186829
  109       0.8888888955116272       1.0344827771186829
  110       1.0000000000000000       1.0344827771186829
  111       0.0000000000000000       1.1379310190677643
  112       0.1111111119389534       1.1379310190677643
  113       0.2222222238779068       1.1379310190677643
  114       0.3333333432674408       1.1379310190677643
  115       0.4444444477558136       1.1379310190677643
  116       0.5555555820465088       1.1379310190677643
  117       0.6666666865348816       1.1379310190677643
  118       0.7777777910232544       1.1379310190677643
  119       0.8888888955116272       1.1379310190677643
  120       1.0000000000000000       1.1379310190677643
  121       0.0000000000000000       1.2413793504238129
  122       0.1111111119389534       1.2413793504238129
  123       0.2222222238779068       1.2413793504238129
  124       0.3333333432674408       1.2413793504238129
  125       0.4444444477558136       1.2413793504238129
  126       0.5555555820465088       1.2413793504238129
  127       0.6666666865348816       1.2413793504238129
  128       0.7777777910232544       1.2413793504238129
  129       0.8888888955116272       1.2413793504238129
  130       1.0000000000000000       1.2413793504238129
  131       0.0000000000000000       1.3448275923728943
  132       0.1111111119389534       1.3448275923728943
  133       0.2222222238779068       1.3448275923728943
  134       0.3333333432674408       1.3448275923728943
  135       0.4444444477558136       1.3448275923728943
  136       0.5555555820465088       1.3448275923728943
  137       0.6666666865348816       1.3448275923728943
  138       0.7777777910232544       1.3448275923728943
  139       0.8888888955116272       1.3448275923728943
  140       1.0000000000000000       1.3448275923728943
  141       0.0000000000000000       1.4482758343219757
  142       0.1111111119389534       1.4482758343219757
  143       0.2222222238779068       1.4482758343219757
  144       0.3333333432674408       1.4482758343219757
  145       0.4444444477558136       1.4482758343219757
  146       0.5555555820465088       1.4482758343219757
  147       0.6666666865348816       1.4482758343219757
  148       0.7777777910232544       1.4482758343219757
  149       0.8888888955116272       1.4482758343219757
  150       1.0000000000000000       1.4482758343219757
  151       0.0000000000000000       1.5517240762710571
  152       0.1111111119389534       1.5517240762710571
  153       0.2222222238779068       1.5517240762710571
  154       0.3333333432674408       1.5517240762710571
  155       0.4444444477558136       1.5517240762710571
  156       0.5555555820465088       1.5517240762710571
  157       0.6666666865348816       1.5517240762710571
  158       0.7777777910232544       1.5517240762710571
  159       0.8888888955116272       1.5517240762710571
  160       1.0000000000000000       1.5517240762710571
  161       0.0000000000000000       1.6551724076271057
  162       0.1111111119389534       1.6551724076271057
  163       0.2222222238779068       1.6551724076271057
  164       0.3333333432674408       1.6551724076271057
  165       0.4444444477558136       1.6551724076271057
  166       0.5555555820465088       1.6551724076271057
  167       0.6666666865348816       1.6551724076271057
  168       0.7777777910232544       1.6551724076271057
  169       0.8888888955116272       1.6551724076271057
  170       1.0000000000000000       1.6551724076271057
  171       0.0000000000000000       1.7586207389831543
  172       0.1111111119389534       1.7586207389831543
  173       0.2222222238779068       1.7586207389831543
  174       0.3333333432674408       1.7586207389831543
  175       0.4444444477558136       1.7586207389831543
  176       0.5555555820465088       1.7586207389831543
  177       0.6666666865348816       1.7586207389831543
  178       0.7777777910232544       1.7586207389831543
  179       0.8888888955116272       1.7586207389831543
  180       1.0000000000000000       1.7586207389831543
  181       0.0000000000000000       1.8620688915252686
  182       0.1111111119389534       1.8620688915252686
  183       0.2222222238779068       1.8620688915252686
  184       0.3333333432674408       1.8620688915252686
  185       0.4444444477558136       1.8620688915252686
  186       0.5555555820465088       1.8620688915252686
  187       0.6666666865348816       1.8620688915252686
  188       0.7777777910232544       1.8620688915252686
  189       0.8888888955116272       1.8620688915252686
  190       1.0000000000000000       1.8620688915252686
  191       0.0000000000000000       1.9655172228813171
  192       0.1111111119389534       1.9655172228813171
  193       0.2222222238779068       1.9655172228813171
  194       0.3333333432674408       1.9655172228813171
  195       0.4444444477558136       1.9655172228813171
  196       0.5555555820465088       1.9655172228813171
  197       0.6666666865348816       1.9655172228813171
  198       0.7777777910232544       1.9655172228813171
  199       0.8888888955116272       1.9655172228813171
  200       1.0000000000000000       1.9655172228813171
  201       0.0000000000000000       2.0689655542373657
  202       0.1111111119389534       2.0689655542373657
  203       0.2222222238779068       2.0689655542373657
  204       0.3333333432674408       2.0689655542373657
  205       0.4444444477558136       2.0689655542373657
  206       0.5555555820465088       2.0689655542373657
  207       0.6666666865348816       2.0689655542373657
  208       0.7777777910232544       2.0689655542373657
  209       0.8888888955116272       2.0689655542373657
  210       1.0000000000000000       2.0689655542373657
  211       0.0000000000000000       2.1724137067794800
  212       0.1111111119389534       2.1724137067794800
  213       0.2222222238779068       2.1724137067794800
  214       0.3333333432674408       2.1724137067794800
  215       0.4444444477558136       2.1724137067794800
  216       0.5555555820465088       2.1724137067794800
  217       0.6666666865348816       2.1724137067794800
  218       0.7777777910232544       2.1724137067794800
  219       0.8888888955116272       2.1724137067794800
  220       1.0000000000000000       2.1724137067794800
  221       0.0000000000000000       2.2758620381355286
  222       0.1111111119389534       2.2758620381355286
  223       0.2222222238779068       2.2758620381355286
  224       0.3333333432674408       2.2758620381355286
  225       0.4444444477558136       2.2758620381355286
  226       0.5555555820465088       2.2758620381355286
  227       0.6666666865348816       2.2758620381355286
  228       0.7777777910232544       2.2758620381355286
  229       0.8888888955116272       2.2758620381355286
  230       1.0000000000000000       2.2758620381355286
  231       0.0000000000000000       2.3793103694915771
  232       0.1111111119389534       2.3793103694915771
  233       0.2222222238779068       2.3793103694915771
  234       0.3333333432674408       2.3793103694915771
  235       0.4444444477558136       2.3793103694915771
  236       0.5555555820465088       2.3793103694915771
  237       0.6666666865348816       2.3793103694915771
  238       0.7777777910232544       2.3793103694915771
  239       0.8888888955116272       2.3793103694915771
  240       1.0000000000000000       2.3793103694915771
  241       0.0000000000000000       2.4827587008476257
  242       0.1111111119389534       2.4827587008476257
  243       0.2222222238779068       2.4827587008476257
  244       0.3333333432674408       2.4827587008476257
  245       0.4444444477558136       2.4827587008476257
  246       0.5555555820465088       2.4827587008476257
  247       0.6666666865348816       2.4827587008476257
  248       0.7777777910232544       2.4827587008476257
  249       0.8888888955116272       2.4827587008476257
  250       1.0000000000000000       2.4827587008476257
  251       0.0000000000000000       2.5862068533897400
  252       0.1111111119389534       2.5862068533897400
  253       0.2222222238779068       2.5862068533897400
  254       0.3333333432674408       2.5862068533897400
  255       0.4444444477558136       2.5862068533897400
  256       0.5555555820465088       2.5862068533897400
  257       0.6666666865348816       2.5862068533897400
  258       0.7777777910232544       2.5862068533897400
  259       0.8888888955116272       2.5862068533897400
  260       1.0000000000000000       2.5862068533897400
  261       0.0000000000000000       2.6896551847457886
  262       0.1111111119389534       2.6896551847457886
  263       0.2222222238779068       2.6896551847457886
  264       0.3333333432674408       2.6896551847457886
  265       0.4444444477558136       2.6896551847457886
  266       0.5555555820465088       2.6896551847457886
  267       0.6666666865348816       2.6896551847457886
  268       0.7777777910232544       2.6896551847457886
  269       0.8888888955116272       2.6896551847457886
  270       1.0000000000000000       2.6896551847457886
  271       0.0000000000000000       2.7931035161018372
  272       0.1111111119389534       2.7931035161018372
  273       0.2222222238779068       2.7931035161018372
  274       0.3333333432674408       2.7931035161018372
  275       0.4444444477558136       2.7931035161018372
  276       0.5555555820465088       2.7931035161018372
  277       0.6666666865348816       2.7931035161018372
  278       0.7777777910232544       2.7931035161018372
  279       0.8888888955116272       2.7931035161018372
  280       1.0000000000000000       2.7931035161018372
  281       0.0000000000000000       2.8965516686439514
  282       0.1111111119389534       2.8965516686439514
  283       0.2222222238779068       2.8965516686439514
  284       0.3333333432674408       2.8965516686439514
  285       0.4444444477558136       2.8965516686439514
  286       0.5555555820465088       2.8965516686439514
  287       0.6666666865348816       2.8965516686439514
  288       0.7777777910232544       2.8965516686439514
  289       0.8888888955116272       2.8965516686439514
  290       1.0000000000000000       2.8965516686439514
  291       0.0000000000000000       3.0000000000000000
  292       0.1111111119389534       3.0000000000000000
  293       0.2222222238779068       3.0000000000000000
  294       0.3333333432674408       3.0000000000000000
  295       0.4444444477558136       3.0000000000000000
  296       0.5555555820465088       3.0000000000000000
  297       0.6666666865348816       3.0000000000000000
  298       0.7777777910232544       3.0000000000000000
  299       0.8888888955116272       3.0000000000000000
  300       1.0000000000000000       3.0000000000000000
