8.000E-01 0.500E+00 0.400E+00 8.076E+04 1.000E+00 1.000E-06 1.000E-01 75  
    1       0.0000000000000000       0.0000000000000000
    2       0.2500000000000000       0.0000000000000000
    3       0.5000000000000000       0.0000000000000000
    4       0.7500000000000000       0.0000000000000000
    5       1.0000000000000000       0.0000000000000000
    6       0.0000000000000000       0.2142857238650322
    7       0.2500000000000000       0.2142857238650322
    8       0.5000000000000000       0.2142857238650322
    9       0.7500000000000000       0.2142857238650322
   10       1.0000000000000000       0.2142857238650322
   11       0.0000000000000000       0.4285714477300644
   12       0.2500000000000000       0.4285714477300644
   13       0.5000000000000000       0.4285714477300644
   14       0.7500000000000000       0.4285714477300644
   15       1.0000000000000000       0.4285714477300644
   16       0.0000000000000000       0.6428571492433548
   17       0.2500000000000000       0.6428571492433548
   18       0.5000000000000000       0.6428571492433548
   19       0.7500000000000000       0.6428571492433548
   20       1.0000000000000000       0.6428571492433548
   21       0.0000000000000000       0.8571428954601288
   22       0.2500000000000000       0.8571428954601288
   23       0.5000000000000000       0.8571428954601288
   24       0.7500000000000000       0.8571428954601288
   25       1.0000000000000000       0.8571428954601288
   26       0.0000000000000000       1.0714285969734192
   27       0.2500000000000000       1.0714285969734192
   28       0.5000000000000000       1.0714285969734192
   29       0.7500000000000000       1.0714285969734192
   30       1.0000000000000000       1.0714285969734192
   31       0.0000000000000000       1.2857142984867096
   32       0.2500000000000000       1.2857142984867096
   33       0.5000000000000000       1.2857142984867096
   34       0.7500000000000000       1.2857142984867096
   35       1.0000000000000000       1.2857142984867096
   36       0.0000000000000000       1.5000000000000000
   37       0.2500000000000000       1.5000000000000000
   38       0.5000000000000000       1.5000000000000000
   39       0.7500000000000000       1.5000000000000000
   40       1.0000000000000000       1.5000000000000000
   41       0.0000000000000000       1.7142857909202576
   42       0.2500000000000000       1.7142857909202576
   43       0.5000000000000000       1.7142857909202576
   44       0.7500000000000000       1.7142857909202576
   45       1.0000000000000000       1.7142857909202576
   46       0.0000000000000000       1.9285714030265808
   47       0.2500000000000000       1.9285714030265808
   48       0.5000000000000000       1.9285714030265808
   49       0.7500000000000000       1.9285714030265808
   50       1.0000000000000000       1.9285714030265808
   51       0.0000000000000000       2.1428571939468384
   52       0.2500000000000000       2.1428571939468384
   53       0.5000000000000000       2.1428571939468384
   54       0.7500000000000000       2.1428571939468384
   55       1.0000000000000000       2.1428571939468384
   56       0.0000000000000000       2.3571428060531616
   57       0.2500000000000000       2.3571428060531616
   58       0.5000000000000000       2.3571428060531616
   59       0.7500000000000000       2.3571428060531616
   60       1.0000000000000000       2.3571428060531616
   61       0.0000000000000000       2.5714285969734192
   62       0.2500000000000000       2.5714285969734192
   63       0.5000000000000000       2.5714285969734192
   64       0.7500000000000000       2.5714285969734192
   65       1.0000000000000000       2.5714285969734192
   66       0.0000000000000000       2.7857142090797424
   67       0.2500000000000000       2.7857142090797424
   68       0.5000000000000000       2.7857142090797424
   69       0.7500000000000000       2.7857142090797424
   70       1.0000000000000000       2.7857142090797424
   71       0.0000000000000000       3.0000000000000000
   72       0.2500000000000000       3.0000000000000000
   73       0.5000000000000000       3.0000000000000000
   74       0.7500000000000000       3.0000000000000000
   75       1.0000000000000000       3.0000000000000000
