8.000E-01 0.500E+00 0.400E+00 8.076E+04 1.000E+00 1.000E-06 1.000E-01 900
    1       0.0000000000000000       0.0000000000000000
    2       0.1111111119389534       0.0000000000000000
    3       0.2222222238779068       0.0000000000000000
    4       0.3333333432674408       0.0000000000000000
    5       0.4444444477558136       0.0000000000000000
    6       0.5555555820465088       0.0000000000000000
    7       0.6666666865348816       0.0000000000000000
    8       0.7777777910232544       0.0000000000000000
    9       0.8888888955116272       0.0000000000000000
   10       1.0000000000000000       0.0000000000000000
   11       0.0000000000000000       0.1011235965415835
   12       0.1111111119389534       0.1011235965415835
   13       0.2222222238779068       0.1011235965415835
   14       0.3333333432674408       0.1011235965415835
   15       0.4444444477558136       0.1011235965415835
   16       0.5555555820465088       0.1011235965415835
   17       0.6666666865348816       0.1011235965415835
   18       0.7777777910232544       0.1011235965415835
   19       0.8888888955116272       0.1011235965415835
   20       1.0000000000000000       0.1011235965415835
   21       0.0000000000000000       0.2022471930831671
   22       0.1111111119389534       0.2022471930831671
   23       0.2222222238779068       0.2022471930831671
   24       0.3333333432674408       0.2022471930831671
   25       0.4444444477558136       0.2022471930831671
   26       0.5555555820465088       0.2022471930831671
   27       0.6666666865348816       0.2022471930831671
   28       0.7777777910232544       0.2022471930831671
   29       0.8888888955116272       0.2022471930831671
   30       1.0000000000000000       0.2022471930831671
   31       0.0000000000000000       0.3033707812428474
   32       0.1111111119389534       0.3033707812428474
   33       0.2222222238779068       0.3033707812428474
   34       0.3333333432674408       0.3033707812428474
   35       0.4444444477558136       0.3033707812428474
   36       0.5555555820465088       0.3033707812428474
   37       0.6666666865348816       0.3033707812428474
   38       0.7777777910232544       0.3033707812428474
   39       0.8888888955116272       0.3033707812428474
   40       1.0000000000000000       0.3033707812428474
   41       0.0000000000000000       0.4044943861663342
   42       0.1111111119389534       0.4044943861663342
   43       0.2222222238779068       0.4044943861663342
   44       0.3333333432674408       0.4044943861663342
   45       0.4444444477558136       0.4044943861663342
   46       0.5555555820465088       0.4044943861663342
   47       0.6666666865348816       0.4044943861663342
   48       0.7777777910232544       0.4044943861663342
   49       0.8888888955116272       0.4044943861663342
   50       1.0000000000000000       0.4044943861663342
   51       0.0000000000000000       0.5056179910898209
   52       0.1111111119389534       0.5056179910898209
   53       0.2222222238779068       0.5056179910898209
   54       0.3333333432674408       0.5056179910898209
   55       0.4444444477558136       0.5056179910898209
   56       0.5555555820465088       0.5056179910898209
   57       0.6666666865348816       0.5056179910898209
   58       0.7777777910232544       0.5056179910898209
   59       0.8888888955116272       0.5056179910898209
   60       1.0000000000000000       0.5056179910898209
   61       0.0000000000000000       0.6067415624856949
   62       0.1111111119389534       0.6067415624856949
   63       0.2222222238779068       0.6067415624856949
   64       0.3333333432674408       0.6067415624856949
   65       0.4444444477558136       0.6067415624856949
   66       0.5555555820465088       0.6067415624856949
   67       0.6666666865348816       0.6067415624856949
   68       0.7777777910232544       0.6067415624856949
   69       0.8888888955116272       0.6067415624856949
   70       1.0000000000000000       0.6067415624856949
   71       0.0000000000000000       0.7078652009367943
   72       0.1111111119389534       0.7078652009367943
   73       0.2222222238779068       0.7078652009367943
   74       0.3333333432674408       0.7078652009367943
   75       0.4444444477558136       0.7078652009367943
   76       0.5555555820465088       0.7078652009367943
   77       0.6666666865348816       0.7078652009367943
   78       0.7777777910232544       0.7078652009367943
   79       0.8888888955116272       0.7078652009367943
   80       1.0000000000000000       0.7078652009367943
   81       0.0000000000000000       0.8089887723326683
   82       0.1111111119389534       0.8089887723326683
   83       0.2222222238779068       0.8089887723326683
   84       0.3333333432674408       0.8089887723326683
   85       0.4444444477558136       0.8089887723326683
   86       0.5555555820465088       0.8089887723326683
   87       0.6666666865348816       0.8089887723326683
   88       0.7777777910232544       0.8089887723326683
   89       0.8888888955116272       0.8089887723326683
   90       1.0000000000000000       0.8089887723326683
   91       0.0000000000000000       0.9101123437285423
   92       0.1111111119389534       0.9101123437285423
   93       0.2222222238779068       0.9101123437285423
   94       0.3333333432674408       0.9101123437285423
   95       0.4444444477558136       0.9101123437285423
   96       0.5555555820465088       0.9101123437285423
   97       0.6666666865348816       0.9101123437285423
   98       0.7777777910232544       0.9101123437285423
   99       0.8888888955116272       0.9101123437285423
  100       1.0000000000000000       0.9101123437285423
  101       0.0000000000000000       1.0112359821796417
  102       0.1111111119389534       1.0112359821796417
  103       0.2222222238779068       1.0112359821796417
  104       0.3333333432674408       1.0112359821796417
  105       0.4444444477558136       1.0112359821796417
  106       0.5555555820465088       1.0112359821796417
  107       0.6666666865348816       1.0112359821796417
  108       0.7777777910232544       1.0112359821796417
  109       0.8888888955116272       1.0112359821796417
  110       1.0000000000000000       1.0112359821796417
  111       0.0000000000000000       1.1123595535755157
  112       0.1111111119389534       1.1123595535755157
  113       0.2222222238779068       1.1123595535755157
  114       0.3333333432674408       1.1123595535755157
  115       0.4444444477558136       1.1123595535755157
  116       0.5555555820465088       1.1123595535755157
  117       0.6666666865348816       1.1123595535755157
  118       0.7777777910232544       1.1123595535755157
  119       0.8888888955116272       1.1123595535755157
  120       1.0000000000000000       1.1123595535755157
  121       0.0000000000000000       1.2134831249713898
  122       0.1111111119389534       1.2134831249713898
  123       0.2222222238779068       1.2134831249713898
  124       0.3333333432674408       1.2134831249713898
  125       0.4444444477558136       1.2134831249713898
  126       0.5555555820465088       1.2134831249713898
  127       0.6666666865348816       1.2134831249713898
  128       0.7777777910232544       1.2134831249713898
  129       0.8888888955116272       1.2134831249713898
  130       1.0000000000000000       1.2134831249713898
  131       0.0000000000000000       1.3146066963672638
  132       0.1111111119389534       1.3146066963672638
  133       0.2222222238779068       1.3146066963672638
  134       0.3333333432674408       1.3146066963672638
  135       0.4444444477558136       1.3146066963672638
  136       0.5555555820465088       1.3146066963672638
  137       0.6666666865348816       1.3146066963672638
  138       0.7777777910232544       1.3146066963672638
  139       0.8888888955116272       1.3146066963672638
  140       1.0000000000000000       1.3146066963672638
  141       0.0000000000000000       1.4157304018735886
  142       0.1111111119389534       1.4157304018735886
  143       0.2222222238779068       1.4157304018735886
  144       0.3333333432674408       1.4157304018735886
  145       0.4444444477558136       1.4157304018735886
  146       0.5555555820465088       1.4157304018735886
  147       0.6666666865348816       1.4157304018735886
  148       0.7777777910232544       1.4157304018735886
  149       0.8888888955116272       1.4157304018735886
  150       1.0000000000000000       1.4157304018735886
  151       0.0000000000000000       1.5168539732694626
  152       0.1111111119389534       1.5168539732694626
  153       0.2222222238779068       1.5168539732694626
  154       0.3333333432674408       1.5168539732694626
  155       0.4444444477558136       1.5168539732694626
  156       0.5555555820465088       1.5168539732694626
  157       0.6666666865348816       1.5168539732694626
  158       0.7777777910232544       1.5168539732694626
  159       0.8888888955116272       1.5168539732694626
  160       1.0000000000000000       1.5168539732694626
  161       0.0000000000000000       1.6179775446653366
  162       0.1111111119389534       1.6179775446653366
  163       0.2222222238779068       1.6179775446653366
  164       0.3333333432674408       1.6179775446653366
  165       0.4444444477558136       1.6179775446653366
  166       0.5555555820465088       1.6179775446653366
  167       0.6666666865348816       1.6179775446653366
  168       0.7777777910232544       1.6179775446653366
  169       0.8888888955116272       1.6179775446653366
  170       1.0000000000000000       1.6179775446653366
  171       0.0000000000000000       1.7191011160612106
  172       0.1111111119389534       1.7191011160612106
  173       0.2222222238779068       1.7191011160612106
  174       0.3333333432674408       1.7191011160612106
  175       0.4444444477558136       1.7191011160612106
  176       0.5555555820465088       1.7191011160612106
  177       0.6666666865348816       1.7191011160612106
  178       0.7777777910232544       1.7191011160612106
  179       0.8888888955116272       1.7191011160612106
  180       1.0000000000000000       1.7191011160612106
  181       0.0000000000000000       1.8202246874570847
  182       0.1111111119389534       1.8202246874570847
  183       0.2222222238779068       1.8202246874570847
  184       0.3333333432674408       1.8202246874570847
  185       0.4444444477558136       1.8202246874570847
  186       0.5555555820465088       1.8202246874570847
  187       0.6666666865348816       1.8202246874570847
  188       0.7777777910232544       1.8202246874570847
  189       0.8888888955116272       1.8202246874570847
  190       1.0000000000000000       1.8202246874570847
  191       0.0000000000000000       1.9213482588529587
  192       0.1111111119389534       1.9213482588529587
  193       0.2222222238779068       1.9213482588529587
  194       0.3333333432674408       1.9213482588529587
  195       0.4444444477558136       1.9213482588529587
  196       0.5555555820465088       1.9213482588529587
  197       0.6666666865348816       1.9213482588529587
  198       0.7777777910232544       1.9213482588529587
  199       0.8888888955116272       1.9213482588529587
  200       1.0000000000000000       1.9213482588529587
  201       0.0000000000000000       2.0224719643592834
  202       0.1111111119389534       2.0224719643592834
  203       0.2222222238779068       2.0224719643592834
  204       0.3333333432674408       2.0224719643592834
  205       0.4444444477558136       2.0224719643592834
  206       0.5555555820465088       2.0224719643592834
  207       0.6666666865348816       2.0224719643592834
  208       0.7777777910232544       2.0224719643592834
  209       0.8888888955116272       2.0224719643592834
  210       1.0000000000000000       2.0224719643592834
  211       0.0000000000000000       2.1235955357551575
  212       0.1111111119389534       2.1235955357551575
  213       0.2222222238779068       2.1235955357551575
  214       0.3333333432674408       2.1235955357551575
  215       0.4444444477558136       2.1235955357551575
  216       0.5555555820465088       2.1235955357551575
  217       0.6666666865348816       2.1235955357551575
  218       0.7777777910232544       2.1235955357551575
  219       0.8888888955116272       2.1235955357551575
  220       1.0000000000000000       2.1235955357551575
  221       0.0000000000000000       2.2247191071510315
  222       0.1111111119389534       2.2247191071510315
  223       0.2222222238779068       2.2247191071510315
  224       0.3333333432674408       2.2247191071510315
  225       0.4444444477558136       2.2247191071510315
  226       0.5555555820465088       2.2247191071510315
  227       0.6666666865348816       2.2247191071510315
  228       0.7777777910232544       2.2247191071510315
  229       0.8888888955116272       2.2247191071510315
  230       1.0000000000000000       2.2247191071510315
  231       0.0000000000000000       2.3258426785469055
  232       0.1111111119389534       2.3258426785469055
  233       0.2222222238779068       2.3258426785469055
  234       0.3333333432674408       2.3258426785469055
  235       0.4444444477558136       2.3258426785469055
  236       0.5555555820465088       2.3258426785469055
  237       0.6666666865348816       2.3258426785469055
  238       0.7777777910232544       2.3258426785469055
  239       0.8888888955116272       2.3258426785469055
  240       1.0000000000000000       2.3258426785469055
  241       0.0000000000000000       2.4269662499427795
  242       0.1111111119389534       2.4269662499427795
  243       0.2222222238779068       2.4269662499427795
  244       0.3333333432674408       2.4269662499427795
  245       0.4444444477558136       2.4269662499427795
  246       0.5555555820465088       2.4269662499427795
  247       0.6666666865348816       2.4269662499427795
  248       0.7777777910232544       2.4269662499427795
  249       0.8888888955116272       2.4269662499427795
  250       1.0000000000000000       2.4269662499427795
  251       0.0000000000000000       2.5280898213386536
  252       0.1111111119389534       2.5280898213386536
  253       0.2222222238779068       2.5280898213386536
  254       0.3333333432674408       2.5280898213386536
  255       0.4444444477558136       2.5280898213386536
  256       0.5555555820465088       2.5280898213386536
  257       0.6666666865348816       2.5280898213386536
  258       0.7777777910232544       2.5280898213386536
  259       0.8888888955116272       2.5280898213386536
  260       1.0000000000000000       2.5280898213386536
  261       0.0000000000000000       2.6292133927345276
  262       0.1111111119389534       2.6292133927345276
  263       0.2222222238779068       2.6292133927345276
  264       0.3333333432674408       2.6292133927345276
  265       0.4444444477558136       2.6292133927345276
  266       0.5555555820465088       2.6292133927345276
  267       0.6666666865348816       2.6292133927345276
  268       0.7777777910232544       2.6292133927345276
  269       0.8888888955116272       2.6292133927345276
  270       1.0000000000000000       2.6292133927345276
  271       0.0000000000000000       2.7303369641304016
  272       0.1111111119389534       2.7303369641304016
  273       0.2222222238779068       2.7303369641304016
  274       0.3333333432674408       2.7303369641304016
  275       0.4444444477558136       2.7303369641304016
  276       0.5555555820465088       2.7303369641304016
  277       0.6666666865348816       2.7303369641304016
  278       0.7777777910232544       2.7303369641304016
  279       0.8888888955116272       2.7303369641304016
  280       1.0000000000000000       2.7303369641304016
  281       0.0000000000000000       2.8314608037471771
  282       0.1111111119389534       2.8314608037471771
  283       0.2222222238779068       2.8314608037471771
  284       0.3333333432674408       2.8314608037471771
  285       0.4444444477558136       2.8314608037471771
  286       0.5555555820465088       2.8314608037471771
  287       0.6666666865348816       2.8314608037471771
  288       0.7777777910232544       2.8314608037471771
  289       0.8888888955116272       2.8314608037471771
  290       1.0000000000000000       2.8314608037471771
  291       0.0000000000000000       2.9325843751430511
  292       0.1111111119389534       2.9325843751430511
  293       0.2222222238779068       2.9325843751430511
  294       0.3333333432674408       2.9325843751430511
  295       0.4444444477558136       2.9325843751430511
  296       0.5555555820465088       2.9325843751430511
  297       0.6666666865348816       2.9325843751430511
  298       0.7777777910232544       2.9325843751430511
  299       0.8888888955116272       2.9325843751430511
  300       1.0000000000000000       2.9325843751430511
  301       0.0000000000000000       3.0337079465389252
  302       0.1111111119389534       3.0337079465389252
  303       0.2222222238779068       3.0337079465389252
  304       0.3333333432674408       3.0337079465389252
  305       0.4444444477558136       3.0337079465389252
  306       0.5555555820465088       3.0337079465389252
  307       0.6666666865348816       3.0337079465389252
  308       0.7777777910232544       3.0337079465389252
  309       0.8888888955116272       3.0337079465389252
  310       1.0000000000000000       3.0337079465389252
  311       0.0000000000000000       3.1348315179347992
  312       0.1111111119389534       3.1348315179347992
  313       0.2222222238779068       3.1348315179347992
  314       0.3333333432674408       3.1348315179347992
  315       0.4444444477558136       3.1348315179347992
  316       0.5555555820465088       3.1348315179347992
  317       0.6666666865348816       3.1348315179347992
  318       0.7777777910232544       3.1348315179347992
  319       0.8888888955116272       3.1348315179347992
  320       1.0000000000000000       3.1348315179347992
  321       0.0000000000000000       3.2359550893306732
  322       0.1111111119389534       3.2359550893306732
  323       0.2222222238779068       3.2359550893306732
  324       0.3333333432674408       3.2359550893306732
  325       0.4444444477558136       3.2359550893306732
  326       0.5555555820465088       3.2359550893306732
  327       0.6666666865348816       3.2359550893306732
  328       0.7777777910232544       3.2359550893306732
  329       0.8888888955116272       3.2359550893306732
  330       1.0000000000000000       3.2359550893306732
  331       0.0000000000000000       3.3370786607265472
  332       0.1111111119389534       3.3370786607265472
  333       0.2222222238779068       3.3370786607265472
  334       0.3333333432674408       3.3370786607265472
  335       0.4444444477558136       3.3370786607265472
  336       0.5555555820465088       3.3370786607265472
  337       0.6666666865348816       3.3370786607265472
  338       0.7777777910232544       3.3370786607265472
  339       0.8888888955116272       3.3370786607265472
  340       1.0000000000000000       3.3370786607265472
  341       0.0000000000000000       3.4382022321224213
  342       0.1111111119389534       3.4382022321224213
  343       0.2222222238779068       3.4382022321224213
  344       0.3333333432674408       3.4382022321224213
  345       0.4444444477558136       3.4382022321224213
  346       0.5555555820465088       3.4382022321224213
  347       0.6666666865348816       3.4382022321224213
  348       0.7777777910232544       3.4382022321224213
  349       0.8888888955116272       3.4382022321224213
  350       1.0000000000000000       3.4382022321224213
  351       0.0000000000000000       3.5393258035182953
  352       0.1111111119389534       3.5393258035182953
  353       0.2222222238779068       3.5393258035182953
  354       0.3333333432674408       3.5393258035182953
  355       0.4444444477558136       3.5393258035182953
  356       0.5555555820465088       3.5393258035182953
  357       0.6666666865348816       3.5393258035182953
  358       0.7777777910232544       3.5393258035182953
  359       0.8888888955116272       3.5393258035182953
  360       1.0000000000000000       3.5393258035182953
  361       0.0000000000000000       3.6404493749141693
  362       0.1111111119389534       3.6404493749141693
  363       0.2222222238779068       3.6404493749141693
  364       0.3333333432674408       3.6404493749141693
  365       0.4444444477558136       3.6404493749141693
  366       0.5555555820465088       3.6404493749141693
  367       0.6666666865348816       3.6404493749141693
  368       0.7777777910232544       3.6404493749141693
  369       0.8888888955116272       3.6404493749141693
  370       1.0000000000000000       3.6404493749141693
  371       0.0000000000000000       3.7415729463100433
  372       0.1111111119389534       3.7415729463100433
  373       0.2222222238779068       3.7415729463100433
  374       0.3333333432674408       3.7415729463100433
  375       0.4444444477558136       3.7415729463100433
  376       0.5555555820465088       3.7415729463100433
  377       0.6666666865348816       3.7415729463100433
  378       0.7777777910232544       3.7415729463100433
  379       0.8888888955116272       3.7415729463100433
  380       1.0000000000000000       3.7415729463100433
  381       0.0000000000000000       3.8426965177059174
  382       0.1111111119389534       3.8426965177059174
  383       0.2222222238779068       3.8426965177059174
  384       0.3333333432674408       3.8426965177059174
  385       0.4444444477558136       3.8426965177059174
  386       0.5555555820465088       3.8426965177059174
  387       0.6666666865348816       3.8426965177059174
  388       0.7777777910232544       3.8426965177059174
  389       0.8888888955116272       3.8426965177059174
  390       1.0000000000000000       3.8426965177059174
  391       0.0000000000000000       3.9438203573226929
  392       0.1111111119389534       3.9438203573226929
  393       0.2222222238779068       3.9438203573226929
  394       0.3333333432674408       3.9438203573226929
  395       0.4444444477558136       3.9438203573226929
  396       0.5555555820465088       3.9438203573226929
  397       0.6666666865348816       3.9438203573226929
  398       0.7777777910232544       3.9438203573226929
  399       0.8888888955116272       3.9438203573226929
  400       1.0000000000000000       3.9438203573226929
  401       0.0000000000000000       4.0449439287185669
  402       0.1111111119389534       4.0449439287185669
  403       0.2222222238779068       4.0449439287185669
  404       0.3333333432674408       4.0449439287185669
  405       0.4444444477558136       4.0449439287185669
  406       0.5555555820465088       4.0449439287185669
  407       0.6666666865348816       4.0449439287185669
  408       0.7777777910232544       4.0449439287185669
  409       0.8888888955116272       4.0449439287185669
  410       1.0000000000000000       4.0449439287185669
  411       0.0000000000000000       4.1460675001144409
  412       0.1111111119389534       4.1460675001144409
  413       0.2222222238779068       4.1460675001144409
  414       0.3333333432674408       4.1460675001144409
  415       0.4444444477558136       4.1460675001144409
  416       0.5555555820465088       4.1460675001144409
  417       0.6666666865348816       4.1460675001144409
  418       0.7777777910232544       4.1460675001144409
  419       0.8888888955116272       4.1460675001144409
  420       1.0000000000000000       4.1460675001144409
  421       0.0000000000000000       4.2471910715103149
  422       0.1111111119389534       4.2471910715103149
  423       0.2222222238779068       4.2471910715103149
  424       0.3333333432674408       4.2471910715103149
  425       0.4444444477558136       4.2471910715103149
  426       0.5555555820465088       4.2471910715103149
  427       0.6666666865348816       4.2471910715103149
  428       0.7777777910232544       4.2471910715103149
  429       0.8888888955116272       4.2471910715103149
  430       1.0000000000000000       4.2471910715103149
  431       0.0000000000000000       4.3483146429061890
  432       0.1111111119389534       4.3483146429061890
  433       0.2222222238779068       4.3483146429061890
  434       0.3333333432674408       4.3483146429061890
  435       0.4444444477558136       4.3483146429061890
  436       0.5555555820465088       4.3483146429061890
  437       0.6666666865348816       4.3483146429061890
  438       0.7777777910232544       4.3483146429061890
  439       0.8888888955116272       4.3483146429061890
  440       1.0000000000000000       4.3483146429061890
  441       0.0000000000000000       4.4494382143020630
  442       0.1111111119389534       4.4494382143020630
  443       0.2222222238779068       4.4494382143020630
  444       0.3333333432674408       4.4494382143020630
  445       0.4444444477558136       4.4494382143020630
  446       0.5555555820465088       4.4494382143020630
  447       0.6666666865348816       4.4494382143020630
  448       0.7777777910232544       4.4494382143020630
  449       0.8888888955116272       4.4494382143020630
  450       1.0000000000000000       4.4494382143020630
  451       0.0000000000000000       4.5505617856979370
  452       0.1111111119389534       4.5505617856979370
  453       0.2222222238779068       4.5505617856979370
  454       0.3333333432674408       4.5505617856979370
  455       0.4444444477558136       4.5505617856979370
  456       0.5555555820465088       4.5505617856979370
  457       0.6666666865348816       4.5505617856979370
  458       0.7777777910232544       4.5505617856979370
  459       0.8888888955116272       4.5505617856979370
  460       1.0000000000000000       4.5505617856979370
  461       0.0000000000000000       4.6516853570938110
  462       0.1111111119389534       4.6516853570938110
  463       0.2222222238779068       4.6516853570938110
  464       0.3333333432674408       4.6516853570938110
  465       0.4444444477558136       4.6516853570938110
  466       0.5555555820465088       4.6516853570938110
  467       0.6666666865348816       4.6516853570938110
  468       0.7777777910232544       4.6516853570938110
  469       0.8888888955116272       4.6516853570938110
  470       1.0000000000000000       4.6516853570938110
  471       0.0000000000000000       4.7528089284896851
  472       0.1111111119389534       4.7528089284896851
  473       0.2222222238779068       4.7528089284896851
  474       0.3333333432674408       4.7528089284896851
  475       0.4444444477558136       4.7528089284896851
  476       0.5555555820465088       4.7528089284896851
  477       0.6666666865348816       4.7528089284896851
  478       0.7777777910232544       4.7528089284896851
  479       0.8888888955116272       4.7528089284896851
  480       1.0000000000000000       4.7528089284896851
  481       0.0000000000000000       4.8539324998855591
  482       0.1111111119389534       4.8539324998855591
  483       0.2222222238779068       4.8539324998855591
  484       0.3333333432674408       4.8539324998855591
  485       0.4444444477558136       4.8539324998855591
  486       0.5555555820465088       4.8539324998855591
  487       0.6666666865348816       4.8539324998855591
  488       0.7777777910232544       4.8539324998855591
  489       0.8888888955116272       4.8539324998855591
  490       1.0000000000000000       4.8539324998855591
  491       0.0000000000000000       4.9550560712814331
  492       0.1111111119389534       4.9550560712814331
  493       0.2222222238779068       4.9550560712814331
  494       0.3333333432674408       4.9550560712814331
  495       0.4444444477558136       4.9550560712814331
  496       0.5555555820465088       4.9550560712814331
  497       0.6666666865348816       4.9550560712814331
  498       0.7777777910232544       4.9550560712814331
  499       0.8888888955116272       4.9550560712814331
  500       1.0000000000000000       4.9550560712814331
  501       0.0000000000000000       5.0561796426773071
  502       0.1111111119389534       5.0561796426773071
  503       0.2222222238779068       5.0561796426773071
  504       0.3333333432674408       5.0561796426773071
  505       0.4444444477558136       5.0561796426773071
  506       0.5555555820465088       5.0561796426773071
  507       0.6666666865348816       5.0561796426773071
  508       0.7777777910232544       5.0561796426773071
  509       0.8888888955116272       5.0561796426773071
  510       1.0000000000000000       5.0561796426773071
  511       0.0000000000000000       5.1573032140731812
  512       0.1111111119389534       5.1573032140731812
  513       0.2222222238779068       5.1573032140731812
  514       0.3333333432674408       5.1573032140731812
  515       0.4444444477558136       5.1573032140731812
  516       0.5555555820465088       5.1573032140731812
  517       0.6666666865348816       5.1573032140731812
  518       0.7777777910232544       5.1573032140731812
  519       0.8888888955116272       5.1573032140731812
  520       1.0000000000000000       5.1573032140731812
  521       0.0000000000000000       5.2584267854690552
  522       0.1111111119389534       5.2584267854690552
  523       0.2222222238779068       5.2584267854690552
  524       0.3333333432674408       5.2584267854690552
  525       0.4444444477558136       5.2584267854690552
  526       0.5555555820465088       5.2584267854690552
  527       0.6666666865348816       5.2584267854690552
  528       0.7777777910232544       5.2584267854690552
  529       0.8888888955116272       5.2584267854690552
  530       1.0000000000000000       5.2584267854690552
  531       0.0000000000000000       5.3595503568649292
  532       0.1111111119389534       5.3595503568649292
  533       0.2222222238779068       5.3595503568649292
  534       0.3333333432674408       5.3595503568649292
  535       0.4444444477558136       5.3595503568649292
  536       0.5555555820465088       5.3595503568649292
  537       0.6666666865348816       5.3595503568649292
  538       0.7777777910232544       5.3595503568649292
  539       0.8888888955116272       5.3595503568649292
  540       1.0000000000000000       5.3595503568649292
  541       0.0000000000000000       5.4606739282608032
  542       0.1111111119389534       5.4606739282608032
  543       0.2222222238779068       5.4606739282608032
  544       0.3333333432674408       5.4606739282608032
  545       0.4444444477558136       5.4606739282608032
  546       0.5555555820465088       5.4606739282608032
  547       0.6666666865348816       5.4606739282608032
  548       0.7777777910232544       5.4606739282608032
  549       0.8888888955116272       5.4606739282608032
  550       1.0000000000000000       5.4606739282608032
  551       0.0000000000000000       5.5617974996566772
  552       0.1111111119389534       5.5617974996566772
  553       0.2222222238779068       5.5617974996566772
  554       0.3333333432674408       5.5617974996566772
  555       0.4444444477558136       5.5617974996566772
  556       0.5555555820465088       5.5617974996566772
  557       0.6666666865348816       5.5617974996566772
  558       0.7777777910232544       5.5617974996566772
  559       0.8888888955116272       5.5617974996566772
  560       1.0000000000000000       5.5617974996566772
  561       0.0000000000000000       5.6629216074943542
  562       0.1111111119389534       5.6629216074943542
  563       0.2222222238779068       5.6629216074943542
  564       0.3333333432674408       5.6629216074943542
  565       0.4444444477558136       5.6629216074943542
  566       0.5555555820465088       5.6629216074943542
  567       0.6666666865348816       5.6629216074943542
  568       0.7777777910232544       5.6629216074943542
  569       0.8888888955116272       5.6629216074943542
  570       1.0000000000000000       5.6629216074943542
  571       0.0000000000000000       5.7640451788902283
  572       0.1111111119389534       5.7640451788902283
  573       0.2222222238779068       5.7640451788902283
  574       0.3333333432674408       5.7640451788902283
  575       0.4444444477558136       5.7640451788902283
  576       0.5555555820465088       5.7640451788902283
  577       0.6666666865348816       5.7640451788902283
  578       0.7777777910232544       5.7640451788902283
  579       0.8888888955116272       5.7640451788902283
  580       1.0000000000000000       5.7640451788902283
  581       0.0000000000000000       5.8651687502861023
  582       0.1111111119389534       5.8651687502861023
  583       0.2222222238779068       5.8651687502861023
  584       0.3333333432674408       5.8651687502861023
  585       0.4444444477558136       5.8651687502861023
  586       0.5555555820465088       5.8651687502861023
  587       0.6666666865348816       5.8651687502861023
  588       0.7777777910232544       5.8651687502861023
  589       0.8888888955116272       5.8651687502861023
  590       1.0000000000000000       5.8651687502861023
  591       0.0000000000000000       5.9662923216819763
  592       0.1111111119389534       5.9662923216819763
  593       0.2222222238779068       5.9662923216819763
  594       0.3333333432674408       5.9662923216819763
  595       0.4444444477558136       5.9662923216819763
  596       0.5555555820465088       5.9662923216819763
  597       0.6666666865348816       5.9662923216819763
  598       0.7777777910232544       5.9662923216819763
  599       0.8888888955116272       5.9662923216819763
  600       1.0000000000000000       5.9662923216819763
  601       0.0000000000000000       6.0674158930778503
  602       0.1111111119389534       6.0674158930778503
  603       0.2222222238779068       6.0674158930778503
  604       0.3333333432674408       6.0674158930778503
  605       0.4444444477558136       6.0674158930778503
  606       0.5555555820465088       6.0674158930778503
  607       0.6666666865348816       6.0674158930778503
  608       0.7777777910232544       6.0674158930778503
  609       0.8888888955116272       6.0674158930778503
  610       1.0000000000000000       6.0674158930778503
  611       0.0000000000000000       6.1685394644737244
  612       0.1111111119389534       6.1685394644737244
  613       0.2222222238779068       6.1685394644737244
  614       0.3333333432674408       6.1685394644737244
  615       0.4444444477558136       6.1685394644737244
  616       0.5555555820465088       6.1685394644737244
  617       0.6666666865348816       6.1685394644737244
  618       0.7777777910232544       6.1685394644737244
  619       0.8888888955116272       6.1685394644737244
  620       1.0000000000000000       6.1685394644737244
  621       0.0000000000000000       6.2696630358695984
  622       0.1111111119389534       6.2696630358695984
  623       0.2222222238779068       6.2696630358695984
  624       0.3333333432674408       6.2696630358695984
  625       0.4444444477558136       6.2696630358695984
  626       0.5555555820465088       6.2696630358695984
  627       0.6666666865348816       6.2696630358695984
  628       0.7777777910232544       6.2696630358695984
  629       0.8888888955116272       6.2696630358695984
  630       1.0000000000000000       6.2696630358695984
  631       0.0000000000000000       6.3707866072654724
  632       0.1111111119389534       6.3707866072654724
  633       0.2222222238779068       6.3707866072654724
  634       0.3333333432674408       6.3707866072654724
  635       0.4444444477558136       6.3707866072654724
  636       0.5555555820465088       6.3707866072654724
  637       0.6666666865348816       6.3707866072654724
  638       0.7777777910232544       6.3707866072654724
  639       0.8888888955116272       6.3707866072654724
  640       1.0000000000000000       6.3707866072654724
  641       0.0000000000000000       6.4719101786613464
  642       0.1111111119389534       6.4719101786613464
  643       0.2222222238779068       6.4719101786613464
  644       0.3333333432674408       6.4719101786613464
  645       0.4444444477558136       6.4719101786613464
  646       0.5555555820465088       6.4719101786613464
  647       0.6666666865348816       6.4719101786613464
  648       0.7777777910232544       6.4719101786613464
  649       0.8888888955116272       6.4719101786613464
  650       1.0000000000000000       6.4719101786613464
  651       0.0000000000000000       6.5730337500572205
  652       0.1111111119389534       6.5730337500572205
  653       0.2222222238779068       6.5730337500572205
  654       0.3333333432674408       6.5730337500572205
  655       0.4444444477558136       6.5730337500572205
  656       0.5555555820465088       6.5730337500572205
  657       0.6666666865348816       6.5730337500572205
  658       0.7777777910232544       6.5730337500572205
  659       0.8888888955116272       6.5730337500572205
  660       1.0000000000000000       6.5730337500572205
  661       0.0000000000000000       6.6741573214530945
  662       0.1111111119389534       6.6741573214530945
  663       0.2222222238779068       6.6741573214530945
  664       0.3333333432674408       6.6741573214530945
  665       0.4444444477558136       6.6741573214530945
  666       0.5555555820465088       6.6741573214530945
  667       0.6666666865348816       6.6741573214530945
  668       0.7777777910232544       6.6741573214530945
  669       0.8888888955116272       6.6741573214530945
  670       1.0000000000000000       6.6741573214530945
  671       0.0000000000000000       6.7752808928489685
  672       0.1111111119389534       6.7752808928489685
  673       0.2222222238779068       6.7752808928489685
  674       0.3333333432674408       6.7752808928489685
  675       0.4444444477558136       6.7752808928489685
  676       0.5555555820465088       6.7752808928489685
  677       0.6666666865348816       6.7752808928489685
  678       0.7777777910232544       6.7752808928489685
  679       0.8888888955116272       6.7752808928489685
  680       1.0000000000000000       6.7752808928489685
  681       0.0000000000000000       6.8764044642448425
  682       0.1111111119389534       6.8764044642448425
  683       0.2222222238779068       6.8764044642448425
  684       0.3333333432674408       6.8764044642448425
  685       0.4444444477558136       6.8764044642448425
  686       0.5555555820465088       6.8764044642448425
  687       0.6666666865348816       6.8764044642448425
  688       0.7777777910232544       6.8764044642448425
  689       0.8888888955116272       6.8764044642448425
  690       1.0000000000000000       6.8764044642448425
  691       0.0000000000000000       6.9775280356407166
  692       0.1111111119389534       6.9775280356407166
  693       0.2222222238779068       6.9775280356407166
  694       0.3333333432674408       6.9775280356407166
  695       0.4444444477558136       6.9775280356407166
  696       0.5555555820465088       6.9775280356407166
  697       0.6666666865348816       6.9775280356407166
  698       0.7777777910232544       6.9775280356407166
  699       0.8888888955116272       6.9775280356407166
  700       1.0000000000000000       6.9775280356407166
  701       0.0000000000000000       7.0786516070365906
  702       0.1111111119389534       7.0786516070365906
  703       0.2222222238779068       7.0786516070365906
  704       0.3333333432674408       7.0786516070365906
  705       0.4444444477558136       7.0786516070365906
  706       0.5555555820465088       7.0786516070365906
  707       0.6666666865348816       7.0786516070365906
  708       0.7777777910232544       7.0786516070365906
  709       0.8888888955116272       7.0786516070365906
  710       1.0000000000000000       7.0786516070365906
  711       0.0000000000000000       7.1797751784324646
  712       0.1111111119389534       7.1797751784324646
  713       0.2222222238779068       7.1797751784324646
  714       0.3333333432674408       7.1797751784324646
  715       0.4444444477558136       7.1797751784324646
  716       0.5555555820465088       7.1797751784324646
  717       0.6666666865348816       7.1797751784324646
  718       0.7777777910232544       7.1797751784324646
  719       0.8888888955116272       7.1797751784324646
  720       1.0000000000000000       7.1797751784324646
  721       0.0000000000000000       7.2808987498283386
  722       0.1111111119389534       7.2808987498283386
  723       0.2222222238779068       7.2808987498283386
  724       0.3333333432674408       7.2808987498283386
  725       0.4444444477558136       7.2808987498283386
  726       0.5555555820465088       7.2808987498283386
  727       0.6666666865348816       7.2808987498283386
  728       0.7777777910232544       7.2808987498283386
  729       0.8888888955116272       7.2808987498283386
  730       1.0000000000000000       7.2808987498283386
  731       0.0000000000000000       7.3820223212242126
  732       0.1111111119389534       7.3820223212242126
  733       0.2222222238779068       7.3820223212242126
  734       0.3333333432674408       7.3820223212242126
  735       0.4444444477558136       7.3820223212242126
  736       0.5555555820465088       7.3820223212242126
  737       0.6666666865348816       7.3820223212242126
  738       0.7777777910232544       7.3820223212242126
  739       0.8888888955116272       7.3820223212242126
  740       1.0000000000000000       7.3820223212242126
  741       0.0000000000000000       7.4831458926200867
  742       0.1111111119389534       7.4831458926200867
  743       0.2222222238779068       7.4831458926200867
  744       0.3333333432674408       7.4831458926200867
  745       0.4444444477558136       7.4831458926200867
  746       0.5555555820465088       7.4831458926200867
  747       0.6666666865348816       7.4831458926200867
  748       0.7777777910232544       7.4831458926200867
  749       0.8888888955116272       7.4831458926200867
  750       1.0000000000000000       7.4831458926200867
  751       0.0000000000000000       7.5842694640159607
  752       0.1111111119389534       7.5842694640159607
  753       0.2222222238779068       7.5842694640159607
  754       0.3333333432674408       7.5842694640159607
  755       0.4444444477558136       7.5842694640159607
  756       0.5555555820465088       7.5842694640159607
  757       0.6666666865348816       7.5842694640159607
  758       0.7777777910232544       7.5842694640159607
  759       0.8888888955116272       7.5842694640159607
  760       1.0000000000000000       7.5842694640159607
  761       0.0000000000000000       7.6853930354118347
  762       0.1111111119389534       7.6853930354118347
  763       0.2222222238779068       7.6853930354118347
  764       0.3333333432674408       7.6853930354118347
  765       0.4444444477558136       7.6853930354118347
  766       0.5555555820465088       7.6853930354118347
  767       0.6666666865348816       7.6853930354118347
  768       0.7777777910232544       7.6853930354118347
  769       0.8888888955116272       7.6853930354118347
  770       1.0000000000000000       7.6853930354118347
  771       0.0000000000000000       7.7865166068077087
  772       0.1111111119389534       7.7865166068077087
  773       0.2222222238779068       7.7865166068077087
  774       0.3333333432674408       7.7865166068077087
  775       0.4444444477558136       7.7865166068077087
  776       0.5555555820465088       7.7865166068077087
  777       0.6666666865348816       7.7865166068077087
  778       0.7777777910232544       7.7865166068077087
  779       0.8888888955116272       7.7865166068077087
  780       1.0000000000000000       7.7865166068077087
  781       0.0000000000000000       7.8876407146453857
  782       0.1111111119389534       7.8876407146453857
  783       0.2222222238779068       7.8876407146453857
  784       0.3333333432674408       7.8876407146453857
  785       0.4444444477558136       7.8876407146453857
  786       0.5555555820465088       7.8876407146453857
  787       0.6666666865348816       7.8876407146453857
  788       0.7777777910232544       7.8876407146453857
  789       0.8888888955116272       7.8876407146453857
  790       1.0000000000000000       7.8876407146453857
  791       0.0000000000000000       7.9887642860412598
  792       0.1111111119389534       7.9887642860412598
  793       0.2222222238779068       7.9887642860412598
  794       0.3333333432674408       7.9887642860412598
  795       0.4444444477558136       7.9887642860412598
  796       0.5555555820465088       7.9887642860412598
  797       0.6666666865348816       7.9887642860412598
  798       0.7777777910232544       7.9887642860412598
  799       0.8888888955116272       7.9887642860412598
  800       1.0000000000000000       7.9887642860412598
  801       0.0000000000000000       8.0898878574371338
  802       0.1111111119389534       8.0898878574371338
  803       0.2222222238779068       8.0898878574371338
  804       0.3333333432674408       8.0898878574371338
  805       0.4444444477558136       8.0898878574371338
  806       0.5555555820465088       8.0898878574371338
  807       0.6666666865348816       8.0898878574371338
  808       0.7777777910232544       8.0898878574371338
  809       0.8888888955116272       8.0898878574371338
  810       1.0000000000000000       8.0898878574371338
  811       0.0000000000000000       8.1910114288330078
  812       0.1111111119389534       8.1910114288330078
  813       0.2222222238779068       8.1910114288330078
  814       0.3333333432674408       8.1910114288330078
  815       0.4444444477558136       8.1910114288330078
  816       0.5555555820465088       8.1910114288330078
  817       0.6666666865348816       8.1910114288330078
  818       0.7777777910232544       8.1910114288330078
  819       0.8888888955116272       8.1910114288330078
  820       1.0000000000000000       8.1910114288330078
  821       0.0000000000000000       8.2921350002288818
  822       0.1111111119389534       8.2921350002288818
  823       0.2222222238779068       8.2921350002288818
  824       0.3333333432674408       8.2921350002288818
  825       0.4444444477558136       8.2921350002288818
  826       0.5555555820465088       8.2921350002288818
  827       0.6666666865348816       8.2921350002288818
  828       0.7777777910232544       8.2921350002288818
  829       0.8888888955116272       8.2921350002288818
  830       1.0000000000000000       8.2921350002288818
  831       0.0000000000000000       8.3932585716247559
  832       0.1111111119389534       8.3932585716247559
  833       0.2222222238779068       8.3932585716247559
  834       0.3333333432674408       8.3932585716247559
  835       0.4444444477558136       8.3932585716247559
  836       0.5555555820465088       8.3932585716247559
  837       0.6666666865348816       8.3932585716247559
  838       0.7777777910232544       8.3932585716247559
  839       0.8888888955116272       8.3932585716247559
  840       1.0000000000000000       8.3932585716247559
  841       0.0000000000000000       8.4943821430206299
  842       0.1111111119389534       8.4943821430206299
  843       0.2222222238779068       8.4943821430206299
  844       0.3333333432674408       8.4943821430206299
  845       0.4444444477558136       8.4943821430206299
  846       0.5555555820465088       8.4943821430206299
  847       0.6666666865348816       8.4943821430206299
  848       0.7777777910232544       8.4943821430206299
  849       0.8888888955116272       8.4943821430206299
  850       1.0000000000000000       8.4943821430206299
  851       0.0000000000000000       8.5955057144165039
  852       0.1111111119389534       8.5955057144165039
  853       0.2222222238779068       8.5955057144165039
  854       0.3333333432674408       8.5955057144165039
  855       0.4444444477558136       8.5955057144165039
  856       0.5555555820465088       8.5955057144165039
  857       0.6666666865348816       8.5955057144165039
  858       0.7777777910232544       8.5955057144165039
  859       0.8888888955116272       8.5955057144165039
  860       1.0000000000000000       8.5955057144165039
  861       0.0000000000000000       8.6966292858123779
  862       0.1111111119389534       8.6966292858123779
  863       0.2222222238779068       8.6966292858123779
  864       0.3333333432674408       8.6966292858123779
  865       0.4444444477558136       8.6966292858123779
  866       0.5555555820465088       8.6966292858123779
  867       0.6666666865348816       8.6966292858123779
  868       0.7777777910232544       8.6966292858123779
  869       0.8888888955116272       8.6966292858123779
  870       1.0000000000000000       8.6966292858123779
  871       0.0000000000000000       8.7977528572082520
  872       0.1111111119389534       8.7977528572082520
  873       0.2222222238779068       8.7977528572082520
  874       0.3333333432674408       8.7977528572082520
  875       0.4444444477558136       8.7977528572082520
  876       0.5555555820465088       8.7977528572082520
  877       0.6666666865348816       8.7977528572082520
  878       0.7777777910232544       8.7977528572082520
  879       0.8888888955116272       8.7977528572082520
  880       1.0000000000000000       8.7977528572082520
  881       0.0000000000000000       8.8988764286041260
  882       0.1111111119389534       8.8988764286041260
  883       0.2222222238779068       8.8988764286041260
  884       0.3333333432674408       8.8988764286041260
  885       0.4444444477558136       8.8988764286041260
  886       0.5555555820465088       8.8988764286041260
  887       0.6666666865348816       8.8988764286041260
  888       0.7777777910232544       8.8988764286041260
  889       0.8888888955116272       8.8988764286041260
  890       1.0000000000000000       8.8988764286041260
  891       0.0000000000000000       9.0000000000000000
  892       0.1111111119389534       9.0000000000000000
  893       0.2222222238779068       9.0000000000000000
  894       0.3333333432674408       9.0000000000000000
  895       0.4444444477558136       9.0000000000000000
  896       0.5555555820465088       9.0000000000000000
  897       0.6666666865348816       9.0000000000000000
  898       0.7777777910232544       9.0000000000000000
  899       0.8888888955116272       9.0000000000000000
  900       1.0000000000000000       9.0000000000000000
