                 3.886034                 0.000098
                14.434506                 0.000393
                31.812076                 0.000885
                55.840205                 0.001573
                86.719161                 0.002456
               123.963428                 0.003534
               166.291800                 0.004806
               171.643443                 0.006269
               175.658385                 0.007924
               181.468788                 0.009767
               186.521444                 0.011798
               192.529499                 0.014015
               198.944224                 0.016414
               204.645453                 0.018994
               209.682954                 0.021753
               214.179065                 0.024687
               218.023546                 0.027794
               221.579369                 0.031070
               224.491131                 0.034513
               226.661263                 0.038119
               228.043342                 0.041884
               228.677419                 0.045805
               228.604545                 0.049878
               227.789807                 0.054099
               226.246869                 0.058463
               224.111886                 0.062967
               221.491071                 0.067606
               218.354979                 0.072375
               214.551677                 0.077270
               210.528268                 0.082285
               206.522807                 0.087417
               202.330473                 0.092660
               198.222410                 0.098008
               194.154851                 0.103457
               190.120438                 0.109000
               186.211032                 0.114634
               182.131721                 0.120351
               178.256354                 0.126147
               174.598121                 0.132016
               170.952363                 0.137952
               167.386100                 0.143948
               163.950693                 0.150000
               160.676289                 0.156102
               157.487376                 0.162246
               154.427414                 0.168428
               151.406718                 0.174640
               148.588884                 0.180878
               145.871993                 0.187135
               143.195353                 0.193404
               140.665152                 0.199680
