                17.263826                 0.000393
                63.305883                 0.001574
               139.627246                 0.003541
               203.125253                 0.006292
               218.868642                 0.009826
               236.875958                 0.014137
               253.897182                 0.019223
               268.960566                 0.025077
               281.557650                 0.031695
               291.152207                 0.039069
               297.563100                 0.047193
               300.916189                 0.056059
               301.556055                 0.065657
               300.047268                 0.075978
               296.943269                 0.087012
               292.573068                 0.098749
               287.388442                 0.111176
               282.135489                 0.124282
               277.009451                 0.138053
               272.155880                 0.152476
               267.627600                 0.167537
               263.468185                 0.183221
               259.669876                 0.199512
               256.227566                 0.216395
               253.109464                 0.233853
               250.258316                 0.251868
               247.640923                 0.270423
               245.200596                 0.289499
               242.921080                 0.309079
               240.759365                 0.329142
               238.694746                 0.349668
               236.675304                 0.370639
               234.700905                 0.392032
               232.743070                 0.413826
               230.807870                 0.436002
               228.851230                 0.458535
               226.880843                 0.481405
               224.903831                 0.504589
               222.888478                 0.528064
               220.847470                 0.551807
               218.773052                 0.575794
               216.659802                 0.600002
               214.521979                 0.624406
               212.340497                 0.648984
               210.129586                 0.673711
               207.884021                 0.698562
               205.615112                 0.723512
               203.306314                 0.748539
               200.986631                 0.773615
               198.645223                 0.798718
