                16.934335                 0.000393
                63.804369                 0.001574
               139.793536                 0.003541
               233.688873                 0.006292
               290.416977                 0.009826
               333.851914                 0.014137
               374.588770                 0.019223
               414.149490                 0.025077
               451.934670                 0.031695
               487.225623                 0.039069
               519.413137                 0.047193
               548.155019                 0.056059
               573.311054                 0.065657
               595.106479                 0.075978
               613.791709                 0.087012
               629.841323                 0.098749
               643.662933                 0.111176
               655.696370                 0.124282
               666.285156                 0.138053
               675.749941                 0.152476
               684.283246                 0.167537
               692.074866                 0.183221
               699.210787                 0.199512
               705.750824                 0.216395
               711.737943                 0.233853
               717.179796                 0.251868
               722.087377                 0.270423
               726.462227                 0.289499
               730.277476                 0.309079
               733.534059                 0.329142
               736.205744                 0.349668
               738.298145                 0.370639
               739.786165                 0.392032
               740.684403                 0.413826
               740.969032                 0.436002
               740.659813                 0.458535
               739.738027                 0.481405
               738.238713                 0.504589
               736.147838                 0.528064
               733.484497                 0.551807
               730.249878                 0.575794
               726.461700                 0.600002
               722.129612                 0.624406
               717.333301                 0.648984
               712.009381                 0.673711
               706.213703                 0.698562
               699.968443                 0.723512
               693.254581                 0.748539
               686.183280                 0.773615
               678.702172                 0.798718
